ip_logTarget_unified = zeros(6250,1);
ip_logTarget_unified = [-38.0294
-23.8171
-7.87487
-4.31
-4.24855
-4.44161
-6.99961
-7.45062
-4.54431
-5.6234
-5.2459
-5.13771
-4.2658
-4.24961
-4.37118
-4.26093
-5.3111
-4.33275
-4.26458
-5.14948
-4.76105
-4.25153
-4.31905
-4.53071
-4.37093
-4.80345
-4.25471
-4.69729
-4.81757
-4.27412
-5.9597
-4.66481
-4.26374
-4.95889
-4.52767
-4.3785
-4.5584
-4.54018
-4.2485
-4.65573
-6.51218
-4.27973
-4.73172
-5.79019
-4.7499
-7.09387
-4.27433
-4.61621
-4.30612
-4.24989
-4.59308
-4.33508
-4.95179
-4.43881
-4.83294
-4.30555
-5.13686
-4.82546
-6.87739
-4.26185
-5.70813
-4.43043
-4.29533
-4.42406
-4.37535
-4.25424
-4.29039
-5.03503
-4.38183
-4.26749
-5.17035
-4.31106
-4.41036
-4.25424
-4.25525
-4.34502
-6.36096
-4.67761
-4.24975
-4.32969
-4.62259
-4.28996
-4.34957
-4.62926
-4.28036
-4.39476
-4.26411
-4.34287
-6.27124
-4.5696
-4.37018
-4.25719
-4.65168
-8.82607
-4.27537
-4.26109
-4.26878
-6.57312
-4.31488
-5.01022
-5.53481
-4.32899
-4.39828
-4.33678
-5.09795
-4.33306
-5.09833
-6.06098
-4.77183
-4.51708
-4.30163
-4.24882
-4.78025
-4.26616
-4.38571
-5.62986
-4.50182
-4.25055
-4.25953
-4.24868
-4.69082
-4.29801
-4.25457
-4.29783
-5.031
-4.55256
-4.55705
-4.4942
-4.45498
-4.78791
-4.72259
-4.24979
-4.70871
-4.25031
-4.61466
-4.36939
-5.34926
-4.44205
-4.26988
-5.30284
-4.661
-4.89881
-5.91885
-4.61952
-5.03117
-5.47281
-6.28701
-4.24858
-4.95331
-4.62173
-4.2885
-4.25186
-5.3334
-4.52423
-4.3501
-4.49587
-7.8153
-5.22992
-5.43735
-4.4281
-4.38033
-6.47581
-4.53418
-4.36065
-5.08193
-4.95217
-4.40752
-4.27886
-4.25973
-4.96087
-4.28081
-4.46501
-4.24914
-4.9061
-4.34096
-5.83061
-4.25459
-4.28735
-4.33958
-4.25286
-4.58477
-4.28063
-5.49146
-4.38434
-4.95936
-4.28858
-4.43432
-4.37051
-5.46405
-4.3723
-4.60177
-4.63959
-4.24851
-5.06732
-4.73802
-4.46771
-4.29786
-6.44344
-4.27167
-4.28196
-4.37595
-4.33259
-4.79749
-6.24646
-4.79467
-6.3152
-4.76321
-5.11879
-4.98878
-5.07555
-4.52476
-4.27454
-4.24982
-4.55433
-4.2501
-4.40479
-4.67223
-4.34052
-4.25113
-4.9607
-4.25057
-6.4003
-4.73518
-7.38548
-4.24932
-5.0915
-4.24851
-4.82523
-4.42055
-4.86757
-4.42345
-4.27492
-4.48788
-4.28933
-4.27168
-5.81287
-5.09936
-4.24966
-4.43123
-6.35382
-5.74029
-4.35167
-4.3717
-4.49145
-4.41812
-4.25961
-5.54582
-4.25952
-4.36456
-4.34006
-4.26165
-5.96269
-4.28189
-4.53891
-7.37156
-4.91122
-4.26799
-4.56454
-4.40944
-4.25559
-4.30621
-5.19868
-5.26736
-7.22432
-4.63367
-4.28791
-4.25065
-6.84676
-5.19664
-4.68692
-4.63879
-4.78826
-4.26211
-4.28516
-4.94796
-5.25488
-5.11948
-5.08521
-4.35716
-4.41521
-4.3588
-4.24993
-4.31097
-5.09352
-4.25228
-4.64555
-5.30299
-4.62545
-5.03492
-7.44727
-4.24852
-5.61956
-4.2504
-5.13734
-4.57696
-4.31722
-4.68608
-5.2002
-4.93025
-4.88078
-5.93749
-4.28105
-4.44769
-4.68846
-4.57167
-9.51436
-4.34005
-4.25969
-4.90827
-4.29676
-4.56967
-5.78237
-4.45471
-6.5366
-4.48005
-4.29931
-6.02333
-4.67837
-5.51521
-6.75234
-4.90158
-4.55501
-4.80394
-4.56904
-4.60001
-4.32945
-5.03478
-4.7072
-5.01374
-4.30514
-4.55685
-4.3781
-5.16679
-4.38304
-5.5539
-4.38157
-4.78003
-4.87927
-4.43751
-4.65103
-4.89112
-4.86651
-4.4539
-4.35494
-4.3354
-4.29735
-5.01967
-4.24864
-4.8798
-4.45527
-4.4182
-4.2859
-4.42692
-4.57095
-4.90456
-4.66466
-4.28933
-4.82731
-4.35696
-4.60724
-4.26283
-4.27014
-4.30583
-4.3268
-6.43947
-4.24905
-5.74617
-4.26565
-4.46628
-5.31811
-4.60112
-7.58618
-4.373
-4.43776
-7.13958
-4.63452
-4.25623
-4.33649
-4.48213
-4.6743
-4.25618
-4.24877
-6.56744
-4.60325
-4.55113
-4.34631
-12.0173
-4.58543
-4.25764
-4.30537
-4.37577
-4.3123
-4.48338
-4.29092
-4.67046
-4.30247
-6.74909
-4.56003
-5.06968
-5.67564
-6.386
-4.25524
-4.66441
-4.73847
-4.94662
-4.59342
-4.24904
-4.78994
-4.5917
-4.66192
-4.25
-4.27984
-5.17386
-5.41573
-4.6813
-4.28624
-4.25313
-4.31071
-4.29998
-4.42712
-4.43678
-5.15119
-4.34154
-4.60564
-4.61636
-4.61412
-4.77481
-4.25974
-4.87001
-7.97227
-4.96634
-4.29366
-7.20328
-4.25975
-4.2889
-4.50503
-4.39179
-5.38698
-4.54417
-4.44448
-5.58744
-4.46249
-4.49025
-4.68352
-4.28139
-5.08424
-4.37335
-4.94865
-7.26332
-4.24866
-4.25035
-4.24893
-4.59262
-4.48533
-4.43586
-4.41754
-5.07828
-4.53545
-4.72056
-4.62411
-4.37913
-4.5736
-4.40138
-4.3163
-4.60729
-4.31571
-4.31453
-5.07177
-4.51633
-4.33529
-4.76133
-4.27692
-4.41349
-4.24862
-4.36249
-4.51864
-4.41953
-4.44868
-4.55296
-4.29614
-4.82181
-5.39685
-4.2485
-4.25646
-6.05502
-5.07278
-4.2682
-4.92778
-4.61074
-5.1341
-4.59439
-5.29084
-4.42188
-4.24906
-4.25438
-4.52009
-4.24864
-4.81647
-4.30475
-5.11617
-5.59675
-4.43753
-4.39441
-5.68921
-4.47582
-4.27978
-4.29351
-4.49318
-5.36246
-4.30759
-4.81775
-5.11829
-4.92797
-4.31496
-5.07951
-5.08289
-4.87397
-4.80322
-5.96804
-4.62865
-4.99426
-5.50374
-5.26833
-4.91898
-5.38463
-4.42226
-4.43815
-4.58364
-4.38607
-4.40267
-4.81613
-4.27427
-5.5303
-4.28943
-4.39233
-4.64367
-4.24866
-4.27191
-4.50103
-4.93529
-4.26274
-4.45631
-4.4471
-4.32161
-4.33072
-4.51124
-4.34782
-6.51183
-4.67734
-5.1349
-4.9858
-4.68474
-5.24803
-4.62394
-4.50282
-4.24856
-4.72574
-4.87993
-4.44054
-6.37486
-4.25159
-4.51416
-4.26267
-5.05383
-4.5544
-4.50066
-5.42063
-5.00782
-4.35301
-4.30658
-10.4871
-6.64116
-5.36064
-4.46923
-4.87743
-4.33157
-5.58903
-4.24981
-5.64357
-4.35494
-4.309
-4.75125
-4.39782
-4.84464
-4.25085
-4.34669
-5.08493
-4.2485
-4.89093
-4.39132
-4.27702
-4.49787
-4.86254
-5.83986
-4.25556
-4.42703
-4.59408
-4.25175
-4.68431
-4.27107
-4.37458
-5.08826
-4.50803
-5.22093
-4.28244
-6.74293
-4.79356
-4.24899
-4.30049
-6.66925
-4.8739
-5.88219
-4.27366
-4.47286
-4.90223
-6.32575
-4.52368
-4.43257
-4.27435
-5.12486
-5.38088
-4.28695
-4.32041
-4.2488
-4.24863
-4.2848
-4.32081
-4.28863
-4.25979
-5.20526
-4.39272
-4.59963
-4.33078
-4.3799
-4.57513
-5.34167
-4.32984
-4.33438
-5.00075
-4.41115
-4.47783
-4.77758
-4.24943
-4.52766
-6.18189
-4.62648
-4.2573
-4.2505
-4.48166
-4.49517
-4.2968
-4.38894
-6.15346
-4.71902
-4.35711
-4.28921
-4.33534
-4.51082
-7.0661
-4.27316
-4.37248
-4.39369
-5.12954
-4.91983
-4.62933
-6.92817
-4.26147
-4.34432
-4.3882
-5.16256
-5.13009
-4.72229
-4.41513
-4.47482
-4.83713
-4.59961
-4.42224
-4.60494
-4.24874
-5.38095
-4.31141
-4.25429
-4.33088
-4.45273
-4.40555
-4.47555
-5.41892
-4.41708
-4.3751
-4.27767
-5.34707
-4.48616
-6.60717
-4.25991
-4.69635
-5.04004
-6.21926
-4.28605
-4.2727
-6.77301
-4.86569
-4.44174
-4.33205
-4.84071
-4.54321
-4.94425
-4.2857
-4.33946
-4.30483
-4.29173
-4.75861
-4.7318
-4.54081
-5.0097
-4.27109
-4.2528
-4.33053
-4.35407
-4.27221
-4.67641
-4.35189
-4.25778
-5.01117
-4.24892
-7.41718
-4.2964
-4.84341
-4.35223
-4.25519
-4.44778
-4.27625
-4.24911
-4.89675
-4.31633
-5.83809
-5.19437
-4.50754
-5.48484
-4.8897
-5.14672
-4.29033
-4.68409
-5.36515
-5.07743
-4.42179
-5.35948
-7.4964
-4.47311
-4.44551
-4.30247
-5.1802
-4.52696
-4.39819
-4.25662
-5.37016
-5.02607
-4.68661
-5.36772
-4.50401
-4.45012
-4.27045
-4.78211
-5.34141
-4.34027
-6.28478
-4.24868
-5.0239
-4.98951
-4.60236
-4.31597
-4.29829
-5.14284
-4.84142
-4.31252
-4.26664
-4.67203
-4.3871
-4.24871
-5.60049
-4.29231
-4.67028
-4.44222
-4.73026
-4.58143
-6.07328
-4.27049
-4.29871
-4.32981
-5.25772
-4.36777
-4.26706
-4.67581
-5.5233
-4.28021
-4.32815
-4.67394
-4.25002
-4.38131
-4.25078
-4.25348
-4.25121
-4.32795
-4.78497
-4.31097
-4.28026
-4.9509
-4.63786
-4.44123
-4.28409
-4.77674
-4.27733
-4.34395
-4.61078
-4.44803
-4.73944
-4.28586
-6.22886
-4.40154
-4.71809
-4.3689
-4.64857
-4.32829
-4.38755
-4.76882
-4.36121
-4.34348
-4.25181
-4.37495
-4.37795
-4.25419
-4.44729
-4.3257
-4.31813
-4.29325
-4.794
-4.2621
-6.03851
-6.85238
-4.49512
-4.39253
-5.01997
-4.40644
-4.34399
-5.33964
-4.26188
-4.45321
-4.34261
-4.45507
-4.27537
-4.26216
-4.40322
-4.40843
-4.49217
-4.62065
-4.28431
-4.43498
-7.21206
-4.26011
-4.38587
-4.67338
-4.35047
-4.44099
-4.48308
-4.30878
-4.33928
-4.67197
-5.01216
-4.52389
-4.86312
-5.1162
-5.25955
-4.28995
-4.25133
-4.26334
-4.40606
-5.49574
-5.4976
-4.2682
-4.76305
-5.67547
-5.65629
-4.37844
-4.39338
-4.43486
-4.41214
-4.29016
-5.0481
-4.31476
-4.79053
-4.49456
-4.868
-4.27842
-4.26124
