ip_logLike_unified = zeros(6250,1);
ip_logLike_unified = [-33.7809
-19.5686
-3.62637
-0.0615091
-5.36759e-05
-0.193113
-2.75111
-3.20213
-0.29581
-1.37491
-0.997401
-0.88921
-0.0173052
-0.0011123
-0.122682
-0.0124393
-1.0626
-0.0842578
-0.0160864
-0.900985
-0.512555
-0.00303747
-0.0705516
-0.282218
-0.122433
-0.554952
-0.00621269
-0.448795
-0.569075
-0.0256232
-1.7112
-0.41631
-0.0152483
-0.710395
-0.279178
-0.130009
-0.309903
-0.291687
-1.0189e-06
-0.407237
-2.26369
-0.0312345
-0.483223
-1.54169
-0.501402
-2.84537
-0.0258354
-0.367719
-0.0576259
-0.00139827
-0.344583
-0.0865822
-0.703293
-0.190313
-0.584447
-0.0570556
-0.888369
-0.576966
-2.6289
-0.0133563
-1.45963
-0.181936
-0.046833
-0.175568
-0.126852
-0.00574674
-0.041892
-0.786534
-0.133333
-0.0189942
-0.921853
-0.0625603
-0.161868
-0.00574206
-0.00675605
-0.0965219
-2.11247
-0.429119
-0.00125458
-0.0811981
-0.374092
-0.0414692
-0.101071
-0.380763
-0.0318613
-0.146262
-0.0156176
-0.0943705
-2.02274
-0.3211
-0.121689
-0.00869796
-0.403189
-4.57757
-0.0268772
-0.0125911
-0.0202846
-2.32462
-0.0663864
-0.761729
-1.28632
-0.0804933
-0.14979
-0.0882856
-0.849452
-0.0845692
-0.849835
-1.81248
-0.523332
-0.268581
-0.0531368
-0.000322546
-0.531753
-0.0176643
-0.137214
-1.38137
-0.25332
-0.0020555
-0.0110362
-0.000185482
-0.442326
-0.04951
-0.00607006
-0.049335
-0.782506
-0.304066
-0.308556
-0.245709
-0.20648
-0.539412
-0.47409
-0.00129128
-0.460218
-0.00181225
-0.366162
-0.120895
-1.10076
-0.193556
-0.0213851
-1.05434
-0.412501
-0.650312
-1.67036
-0.371022
-0.782672
-1.22432
-2.03852
-8.53183e-05
-0.704819
-0.37324
-0.040007
-0.00336071
-1.0849
-0.275736
-0.1016
-0.24737
-3.56681
-0.98142
-1.18885
-0.179607
-0.131832
-2.22732
-0.285681
-0.112152
-0.833439
-0.703676
-0.159025
-0.0303634
-0.0112396
-0.712372
-0.0323184
-0.21651
-0.000646259
-0.657609
-0.0924625
-1.58211
-0.00609658
-0.0388498
-0.0910869
-0.0043683
-0.336271
-0.0321312
-1.24296
-0.135846
-0.710869
-0.0400826
-0.185825
-0.122015
-1.21555
-0.123804
-0.35327
-0.391094
-1.19901e-05
-0.818827
-0.48952
-0.219215
-0.0493642
-2.19494
-0.0231757
-0.0334681
-0.127453
-0.0840967
-0.548998
-1.99796
-0.546177
-2.06671
-0.514711
-0.870298
-0.740284
-0.82705
-0.276263
-0.0260427
-0.00132179
-0.305831
-0.00160286
-0.156291
-0.423735
-0.0920289
-0.00263248
-0.712201
-0.00207306
-2.1518
-0.486688
-3.13699
-0.000823475
-0.843006
-1.56802e-05
-0.576736
-0.172053
-0.619071
-0.174959
-0.026421
-0.239388
-0.0408348
-0.02318
-1.56438
-0.850864
-0.00116386
-0.182731
-2.10533
-1.4918
-0.103179
-0.123206
-0.242955
-0.169623
-0.0111114
-1.29732
-0.01102
-0.116063
-0.0915627
-0.013156
-1.7142
-0.0333995
-0.290416
-3.12307
-0.662729
-0.0194971
-0.316043
-0.160946
-0.00709394
-0.0577101
-0.950185
-1.01886
-2.97583
-0.385175
-0.0394187
-0.0021519
-2.59827
-0.948142
-0.438424
-0.390296
-0.539765
-0.0136181
-0.0366669
-0.699464
-1.00639
-0.870985
-0.836711
-0.108668
-0.166714
-0.110305
-0.00143909
-0.062472
-0.845027
-0.00378928
-0.397058
-1.05449
-0.376958
-0.786427
-3.19877
-2.13112e-05
-1.37106
-0.00190567
-0.88884
-0.328461
-0.0687277
-0.437584
-0.951705
-0.681753
-0.632286
-1.68899
-0.032558
-0.199199
-0.439965
-0.323174
-5.26586
-0.0915556
-0.0111938
-0.659779
-0.0482648
-0.321176
-1.53387
-0.206219
-2.28811
-0.231557
-0.0508119
-1.77484
-0.429878
-1.26672
-2.50385
-0.653089
-0.30651
-0.555446
-0.32055
-0.351517
-0.0809512
-0.786288
-0.458702
-0.765242
-0.0566474
-0.308352
-0.129608
-0.918298
-0.134548
-1.30541
-0.133071
-0.531538
-0.630771
-0.189017
-0.40253
-0.642627
-0.618013
-0.205406
-0.10644
-0.0869065
-0.0488586
-0.771171
-0.000140739
-0.631302
-0.206775
-0.169702
-0.0373998
-0.178428
-0.322452
-0.65607
-0.416163
-0.0408367
-0.578812
-0.108465
-0.358745
-0.0143369
-0.0216429
-0.0573367
-0.0783017
-2.19097
-0.000559731
-1.49767
-0.0171517
-0.21779
-1.06961
-0.352621
-3.33768
-0.124505
-0.189261
-2.89109
-0.386025
-0.00773259
-0.087994
-0.233638
-0.425805
-0.00768781
-0.000274454
-2.31894
-0.354753
-0.302634
-0.0978155
-7.76877
-0.33693
-0.00914829
-0.0568797
-0.127271
-0.0638059
-0.234885
-0.0424257
-0.421963
-0.0539719
-2.5006
-0.31153
-0.821187
-1.42714
-2.13751
-0.00674963
-0.415913
-0.489972
-0.698123
-0.34492
-0.000548429
-0.541445
-0.343202
-0.413428
-0.00150444
-0.0313451
-0.925366
-1.16724
-0.432805
-0.0377455
-0.0046341
-0.0622145
-0.0514809
-0.178621
-0.188281
-0.902696
-0.0930446
-0.357141
-0.367864
-0.365624
-0.526317
-0.0112415
-0.621511
-3.72378
-0.717847
-0.045168
-2.95478
-0.0112569
-0.0404091
-0.256532
-0.143294
-1.13848
-0.295678
-0.195988
-1.33894
-0.213994
-0.241752
-0.435026
-0.0328959
-0.835743
-0.124853
-0.700153
-3.01483
-0.000167481
-0.00185807
-0.000437199
-0.344129
-0.23684
-0.187361
-0.169044
-0.829783
-0.286956
-0.47206
-0.375618
-0.130633
-0.325104
-0.152889
-0.0678085
-0.358796
-0.0672099
-0.0660375
-0.823277
-0.267832
-0.0867916
-0.512838
-0.0284269
-0.164991
-0.000122231
-0.113996
-0.270149
-0.171035
-0.200185
-0.304468
-0.0476441
-0.573318
-1.14836
-2.03937e-06
-0.00796549
-1.80652
-0.824287
-0.019709
-0.67928
-0.362249
-0.885606
-0.34589
-1.04235
-0.173381
-0.000565497
-0.00588615
-0.271595
-0.000142165
-0.567979
-0.0562542
-0.86767
-1.34826
-0.189034
-0.145918
-1.44071
-0.227324
-0.0312826
-0.0450145
-0.244688
-1.11396
-0.0590921
-0.569254
-0.869795
-0.679477
-0.0664687
-0.831012
-0.834397
-0.625479
-0.554722
-1.71954
-0.380153
-0.745762
-1.25524
-1.01983
-0.670486
-1.13614
-0.173761
-0.189656
-0.33515
-0.137578
-0.154175
-0.567637
-0.0257701
-1.28181
-0.0409315
-0.143831
-0.395174
-0.000167925
-0.0234178
-0.252531
-0.686796
-0.0142475
-0.20782
-0.198602
-0.0731171
-0.0822222
-0.262742
-0.099324
-2.26333
-0.428842
-0.886405
-0.737306
-0.436246
-0.999533
-0.375442
-0.254326
-6.02568e-05
-0.477248
-0.63143
-0.192045
-2.12637
-0.00309383
-0.26566
-0.0141702
-0.805339
-0.305904
-0.252167
-1.17213
-0.759329
-0.104512
-0.0580811
-6.23864
-2.39266
-1.11214
-0.220739
-0.62893
-0.0830715
-1.34054
-0.00131801
-1.39508
-0.106444
-0.0605085
-0.50276
-0.149327
-0.596147
-0.00235134
-0.0981915
-0.836437
-5.39329e-06
-0.642436
-0.142824
-0.0285257
-0.249379
-0.614048
-1.59136
-0.007063
-0.178532
-0.34558
-0.00325834
-0.435816
-0.0225699
-0.126086
-0.839764
-0.259532
-0.972433
-0.0339487
-2.49444
-0.545066
-0.000490231
-0.0519923
-2.42075
-0.625409
-1.63369
-0.0251694
-0.224363
-0.653732
-2.07725
-0.275187
-0.184075
-0.0258594
-0.87637
-1.13239
-0.0384575
-0.0719192
-0.0003065
-0.000136488
-0.0363096
-0.0723188
-0.0401335
-0.0112998
-0.95676
-0.144223
-0.351137
-0.0822811
-0.131406
-0.326632
-1.09317
-0.0813442
-0.0858867
-0.75226
-0.162656
-0.229339
-0.529089
-0.000930898
-0.279169
-1.93339
-0.377985
-0.00880237
-0.00200876
-0.233161
-0.246678
-0.0483065
-0.140441
-1.90497
-0.470529
-0.108615
-0.0407156
-0.0868493
-0.262325
-2.81761
-0.0246611
-0.123981
-0.145192
-0.881042
-0.671336
-0.380831
-2.67968
-0.0129747
-0.0958229
-0.139704
-0.914068
-0.881593
-0.473797
-0.166637
-0.226326
-0.588631
-0.35111
-0.173748
-0.35644
-0.000248215
-1.13246
-0.0629159
-0.00579012
-0.082388
-0.20423
-0.157054
-0.227057
-1.17043
-0.168588
-0.126609
-0.0291764
-1.09857
-0.237661
-2.35868
-0.0114111
-0.447851
-0.791542
-1.97077
-0.0375577
-0.0242067
-2.52452
-0.617194
-0.193241
-0.083559
-0.592219
-0.294715
-0.695757
-0.037209
-0.0909617
-0.0563314
-0.0432356
-0.510113
-0.483309
-0.292314
-0.761204
-0.0225975
-0.00430917
-0.0820381
-0.105571
-0.023711
-0.427913
-0.103392
-0.00928931
-0.762679
-0.000421969
-3.16869
-0.047906
-0.594914
-0.103733
-0.00669807
-0.19929
-0.0277501
-0.00061644
-0.648259
-0.0678394
-1.58959
-0.945873
-0.259045
-1.23634
-0.641207
-0.898227
-0.0418323
-0.435596
-1.11665
-0.828931
-0.1733
-1.11098
-3.2479
-0.224618
-0.197013
-0.0539784
-0.931707
-0.278462
-0.149698
-0.00812703
-1.12167
-0.777579
-0.438119
-1.11923
-0.255518
-0.201625
-0.0219528
-0.53362
-1.09291
-0.0917716
-2.03628
-0.000188638
-0.775405
-0.741013
-0.353867
-0.0674713
-0.0497919
-0.894348
-0.592924
-0.0640247
-0.0181441
-0.423539
-0.138604
-0.00021648
-1.352
