ip_mh_rejected = 0.0383189;

